# Date	Constructed Property Map:	Constructed HyperGraph:	Populated HyperGraph:	Removed duplicates:	Vertex Degree Distribution:	Edge Cardinality Distribution:	Vertex Component Size Distribution (s=1):	Edge Component Size Distribution (s=1):	Vertex Component Size Distribution (s=2):	Edge Component Size Distribution (s=2):	Vertex Component Size Distribution (s=3):	Edge Component Size Distribution (s=3):	Collected Metrics:	Collapsed Vertices in HyperGraph:	Collapsed Edges in HyperGraph:
07/09/19 	0.13549	0.395428	0.237796	0.003925	0.053267	0.058814	0.99554	45.2185	0.372401	0.180909	0.265323	0.171159	47.2738	0.48616	0.867593
07/09/19 	0.126278	0.170805	0.224813	0.005241	0.043267	0.014591	1.25492	45.0556	0.246478	0.152204	0.181149	0.142507	47.094	0.527121	1.08071
07/09/19 	0.152192	0.166323	0.235766	0.005188	0.034926	0.04134	0.655406	51.4551	0.259316	0.243004	0.254632	0.210663	53.1133	0.520634	0.941585
07/10/19 	0.12788	0.142628	0.220611	0.015722	0.042643	0.030519	0.227115	0.347826	0.180355	0.197688	0.174703	0.098552	1.26905	0.50213	0.762924
07/11/19 	0.176365	0.163423	0.224039	0.004393	0.024489	0.013723	0.281239	0.26656	0.143534	0.160573	0.123313	0.097459	1.09734	0.509687	0.769448
07/11/19 	0.139485	0.186369	0.218259	0.016736	0.058362	0.023779	0.250708	0.309596	0.253722	0.102792	0.109635	0.107725	1.1927	0.505838	0.765307
07/11/19 	0.138792	0.161338	0.21764	0.003593	0.057197	0.02691	0.257672	0.26266	0.15468	0.112962	0.128137	0.099645	1.07309	0.518521	0.780513
07/11/19 	0.142135	0.146654	0.227368	0.005933	0.01746	0.016738	0.251715	0.229934	0.139471	0.085199	0.121409	0.11434	0.95967	0.462497	0.665672
07/12/19 	0.152465	0.213459	0.21959	0.015903	0.044975	0.01657	0.25653	0.373208	0.170682	0.102256	0.22319	0.087575	1.2586	0.44944	0.673819
07/12/19 	0.152686	0.179445	0.225053	0.004081	0.033994	0.037857	0.257828	0.266297	0.154755	0.114299	0.165293	0.104716	1.09738	0.432466	0.669931
07/14/19 	0.1593	0.174754	0.231271	0.005561	0.079286	0.025118	0.281873	0.348166	0.166232	0.134761	0.132038	0.103663	1.24623	0.52228	0.8004
07/15/19 	3.47932	0.328213	34.866	0.004986	0.213588	0.412133	8.43857	61.605	1.79176	0.839419	1.09224	0.212704	74.1935	46.1022	109.94
07/15/19 	3.56363	0.347622	3.36881	0.018618	0.298096	0.448687	8.92364	59.166	1.95953	0.686332	1.04469	0.17812	72.2565	58.5525	131.321
07/16/19 	4.16907	0.319078	3.45809	0.005611	0.237455	0.640456	8.78544	65.4354	1.73388	0.746306	0.86268	0.157204	77.9585	56.4134	128.005
07/16/19 	3.78268	0.306873	3.23238	0.005863	0.245899	0.4779	8.52045	65.2619	1.86786	0.698593	0.929554	0.20664	77.731	46.3614	117.214
07/17/19 	4.01793	0.331693	3.51628	0.017651	0.251794	0.463707	8.26314	65.9314	1.94067	0.569068	1.00918	0.275871	78.2413	54.4135	123.21
07/21/19 	4.25117	0.354696	3.34024	0.005338	0.342106	0.490315	8.30988	34.6557	1.82372	0.684882	0.918218	0.14832	46.8831	54.6409	135.562
07/24/19 	3.90283	0.587942	3.57247	0.004849	0.250746	0.483063	8.47255	34.7619	1.77856	0.653323	1.14042	0.114634	47.1723	54.3672	117.044
07/30/19 	2.20563	0.262405	2.34523	0.022881	0.223437	0.391129	6.89023	30.1921	1.29879	0.492081	0.992425	0.110694	40.1999	63.0266	145.57
#07/30/19 	-	-	-	-	-	-	-	-	-	-	-	-	-	-	- ### EXECUTION TIMED OUT ###
08/04/19 	2.24292	0.279099	2.40252	0.015428	0.233717	0.405319	7.87722	34.9984	1.93293	0.690304	0.839258	0.129031	46.7011	64.5234	148.543
#08/05/19 	-	-	-	-	-	-	-	-	-	-	-	-	-	-	- ### EXECUTION TIMED OUT ###
